0.50000 0.00000
0.49750 0.04992
0.49003 0.09933
0.47767 0.14776
0.46053 0.19471
0.43879 0.23971
0.41267 0.28232
0.38242 0.32211
0.34835 0.35868
0.31080 0.39166
0.27015 0.42074
0.22680 0.44560
0.18118 0.46602
0.13375 0.48178
0.08498 0.49272
0.03537 0.49875
-0.01460 0.49979
-0.06442 0.49583
-0.11360 0.48692
-0.16164 0.47315
-0.20807 0.45465
-0.25242 0.43160
-0.29425 0.40425
-0.33314 0.37285
-0.36870 0.33773
-0.40057 0.29924
-0.42844 0.25775
-0.45204 0.21369
-0.47111 0.16749
-0.48548 0.11962
-0.49500 0.07056
-0.49957 0.02079
-0.49915 -0.02919
-0.49374 -0.07887
-0.48340 -0.12777
-0.46823 -0.17539
-0.44838 -0.22126
-0.42405 -0.26492
-0.39548 -0.30593
-0.36297 -0.34388
-0.32682 -0.37840
-0.28741 -0.40914
-0.24513 -0.43579
-0.20040 -0.45808
-0.15367 -0.47580
-0.10540 -0.48877
-0.05608 -0.49685
-0.00619 -0.49996
0.04375 -0.49808
0.09326 -0.49123
0.14183 -0.47946
0.18899 -0.46291
0.23426 -0.44173
0.27719 -0.41613
0.31735 -0.38638
0.35433 -0.35277
0.38778 -0.31563
0.41736 -0.27534
0.44276 -0.23230
0.46374 -0.18694
0.48009 -0.13971
0.49163 -0.09108
0.49827 -0.04154
0.49993 0.00841
0.49659 0.05827
0.48829 0.10756
0.47512 0.15577
0.45719 0.20242
0.43470 0.24706
0.40786 0.28922
0.37695 0.32849
0.34227 0.36448
0.30418 0.39683
0.26304 0.42522
0.21927 0.44935
0.17332 0.46900
0.12563 0.48396
0.07669 0.49408
0.02698 0.49927
-0.02300 0.49947
-0.07275 0.49468
-0.12177 0.48494
-0.16958 0.47037
-0.21569 0.45109
-0.25964 0.42730
-0.30101 0.39924
-0.33936 0.36720
-0.37432 0.33148
-0.40555 0.29246
-0.43272 0.25051
-0.45557 0.20606
-0.47386 0.15955
-0.48742 0.11144
-0.49611 0.06223
-0.49985 0.01239
-0.49859 -0.03758
-0.49234 -0.08716
-0.48118 -0.13588
-0.46521 -0.18324
-0.44460 -0.22877
-0.41954 -0.27201
-0.39028 -0.31254
-0.35713 -0.34994
-0.32041 -0.38384
-0.28049 -0.41391
-0.23777 -0.43985
-0.19267 -0.46139
-0.14564 -0.47832
-0.09716 -0.49047
-0.04771 -0.49772
0.00221 -0.50000
0.05212 -0.49728
0.10150 -0.48959
0.14987 -0.47701
0.19675 -0.45966
0.24165 -0.43773
0.28414 -0.41141
0.32380 -0.38099
0.36022 -0.34676
0.39304 -0.30907
0.42193 -0.26829
0.44660 -0.22482
0.46682 -0.17911
0.48237 -0.13162
0.49310 -0.08280
0.49890 -0.03316
0.60000 0.00000
0.59700 0.05990
0.58804 0.11920
0.57320 0.17731
0.55264 0.23365
0.52655 0.28766
0.49520 0.33879
0.45891 0.38653
0.41802 0.43041
0.37297 0.47000
0.32418 0.50488
0.27216 0.53472
0.21741 0.55922
0.16050 0.57813
0.10198 0.59127
0.04244 0.59850
-0.01752 0.59974
-0.07731 0.59500
-0.13632 0.58431
-0.19397 0.56778
-0.24969 0.54558
-0.30291 0.51793
-0.35310 0.48510
-0.39977 0.44742
-0.44244 0.40528
-0.48069 0.35908
-0.51413 0.30930
-0.54244 0.25643
-0.56533 0.20099
-0.58257 0.14355
-0.59400 0.08467
-0.59948 0.02495
-0.59898 -0.03502
-0.59249 -0.09465
-0.58008 -0.15332
-0.56187 -0.21047
-0.53806 -0.26551
-0.50886 -0.31790
-0.47458 -0.36711
-0.43556 -0.41266
-0.39219 -0.45408
-0.34489 -0.49097
-0.29416 -0.52295
-0.24048 -0.54970
-0.18440 -0.57096
-0.12648 -0.58652
-0.06729 -0.59621
-0.00743 -0.59995
0.05250 -0.59770
0.11191 -0.58947
0.17020 -0.57535
0.22679 -0.55549
0.28111 -0.53007
0.33262 -0.49936
0.38082 -0.46366
0.42520 -0.42332
0.46534 -0.37876
0.50083 -0.33041
0.53131 -0.27876
0.55649 -0.22433
0.57610 -0.16765
0.58996 -0.10930
0.59793 -0.04985
0.59992 0.01009
0.59591 0.06993
0.58595 0.12907
0.57014 0.18692
0.54863 0.24291
0.52164 0.29647
0.48944 0.34706
0.45234 0.39419
0.41073 0.43738
0.36501 0.47620
0.31565 0.51026
0.26313 0.53922
0.20798 0.56280
0.15076 0.58075
0.09202 0.59290
0.03237 0.59913
-0.02760 0.59936
-0.08730 0.59361
-0.14613 0.58193
-0.20349 0.56444
-0.25883 0.54130
-0.31157 0.51276
-0.36121 0.47909
-0.40723 0.44064
-0.44919 0.39778
-0.48666 0.35095
-0.51926 0.30061
-0.54668 0.24727
-0.56863 0.19146
-0.58491 0.13373
-0.59534 0.07467
-0.59982 0.01487
-0.59830 -0.04509
-0.59081 -0.10460
-0.57742 -0.16306
-0.55826 -0.21989
-0.53351 -0.27452
-0.50344 -0.32641
-0.46834 -0.37504
-0.42856 -0.41992
-0.38450 -0.46061
-0.33659 -0.49670
-0.28532 -0.52782
-0.23120 -0.55367
-0.17477 -0.57398
-0.11660 -0.58856
-0.05726 -0.59726
0.00266 -0.59999
0.06254 -0.59673
0.12180 -0.58751
0.17985 -0.57241
0.23609 -0.55160
0.28998 -0.52527
0.34097 -0.49370
0.38856 -0.45719
0.43226 -0.41612
0.47164 -0.37088
0.50631 -0.32194
0.53592 -0.26979
0.56018 -0.21494
0.57884 -0.15794
0.59172 -0.09936
0.59868 -0.03979
0.70000 0.00000
0.69650 0.06988
0.68605 0.13907
0.66874 0.20686
0.64474 0.27259
0.61431 0.33560
0.57773 0.39525
0.53539 0.45095
0.48769 0.50215
0.43513 0.54833
0.37821 0.58903
0.31752 0.62385
0.25365 0.65243
0.18725 0.67449
0.11898 0.68981
0.04952 0.69825
-0.02044 0.69970
-0.09019 0.69417
-0.15904 0.68169
-0.22630 0.66241
-0.29130 0.63651
-0.35339 0.60425
-0.41195 0.56595
-0.46639 0.52199
-0.51618 0.47282
-0.56080 0.41893
-0.59982 0.36085
-0.63285 0.29917
-0.65956 0.23449
-0.67967 0.16747
-0.69299 0.09878
-0.69939 0.02911
-0.69881 -0.04086
-0.69124 -0.11042
-0.67676 -0.17888
-0.65552 -0.24555
-0.62773 -0.30976
-0.59367 -0.37089
-0.55368 -0.42830
-0.50815 -0.48144
-0.45755 -0.52976
-0.40238 -0.57279
-0.34318 -0.61010
-0.28056 -0.64132
-0.21513 -0.66612
-0.14756 -0.68427
-0.07851 -0.69558
-0.00867 -0.69995
0.06125 -0.69732
0.13056 -0.68772
0.19856 -0.67125
0.26458 -0.64807
0.32796 -0.61842
0.38806 -0.58259
0.44429 -0.54094
0.49607 -0.49388
0.54290 -0.44189
0.58430 -0.38548
0.61986 -0.32522
0.64923 -0.26171
0.67212 -0.19559
0.68829 -0.12751
0.69758 -0.05816
0.69990 0.01177
0.69523 0.08158
0.68361 0.15058
0.66516 0.21808
0.64007 0.28339
0.60858 0.34588
0.57101 0.40491
0.52773 0.45989
0.47918 0.51028
0.42585 0.55557
0.36825 0.59531
0.30698 0.62910
0.24264 0.65660
0.17588 0.67754
0.10736 0.69172
0.03777 0.69898
-0.03220 0.69926
-0.10185 0.69255
-0.17048 0.67892
-0.23741 0.65851
-0.30196 0.63152
-0.36350 0.59822
-0.42141 0.55894
-0.47510 0.51408
-0.52405 0.46408
-0.56777 0.40944
-0.60580 0.35071
-0.63779 0.28848
-0.66341 0.22337
-0.68239 0.15602
-0.69456 0.08712
-0.69979 0.01734
-0.69802 -0.05261
-0.68928 -0.12203
-0.67366 -0.19023
-0.65130 -0.25654
-0.62243 -0.32028
-0.58735 -0.38081
-0.54640 -0.43755
-0.49999 -0.48991
-0.44858 -0.53738
-0.39269 -0.57948
-0.33288 -0.61579
-0.26974 -0.64594
-0.20390 -0.66964
-0.13603 -0.68666
-0.06680 -0.69681
0.00310 -0.69999
0.07297 -0.69619
0.14210 -0.68542
0.20982 -0.66781
0.27544 -0.64353
0.33831 -0.61282
0.39780 -0.57598
0.45332 -0.53339
0.50430 -0.48547
0.55025 -0.43270
0.59070 -0.37560
0.62524 -0.31475
0.65354 -0.25076
0.67531 -0.18426
0.69033 -0.11592
0.69846 -0.04643
0.80000 0.00000
0.79600 0.07987
0.78405 0.15894
0.76427 0.23642
0.73685 0.31153
0.70207 0.38354
0.66027 0.45171
0.61187 0.51537
0.55737 0.57388
0.49729 0.62666
0.43224 0.67318
0.36288 0.71297
0.28989 0.74563
0.21400 0.77085
0.13597 0.78836
0.05659 0.79800
-0.02336 0.79966
-0.10308 0.79333
-0.18176 0.77908
-0.25863 0.75704
-0.33292 0.72744
-0.40388 0.69057
-0.47080 0.64680
-0.53302 0.59656
-0.58991 0.54037
-0.64091 0.47878
-0.68551 0.41240
-0.72326 0.34190
-0.75378 0.26799
-0.77677 0.19140
-0.79199 0.11290
-0.79931 0.03326
-0.79864 -0.04670
-0.78998 -0.12620
-0.77344 -0.20443
-0.74917 -0.28063
-0.71741 -0.35402
-0.67848 -0.42387
-0.63277 -0.48949
-0.58075 -0.55021
-0.52291 -0.60544
-0.45986 -0.65462
-0.39221 -0.69726
-0.32064 -0.73293
-0.24587 -0.76128
-0.16864 -0.78202
-0.08972 -0.79495
-0.00991 -0.79994
0.07000 -0.79693
0.14921 -0.78596
0.22693 -0.76714
0.30238 -0.74065
0.37481 -0.70676
0.44350 -0.66581
0.50775 -0.61821
0.56694 -0.56443
0.62045 -0.50501
0.66777 -0.44055
0.70842 -0.37168
0.74198 -0.29910
0.76814 -0.22353
0.78661 -0.14573
0.79723 -0.06647
0.79989 0.01345
0.79455 0.09324
0.78127 0.17210
0.76019 0.24923
0.73151 0.32388
0.69552 0.39529
0.65258 0.46275
0.60312 0.52559
0.54764 0.58318
0.48668 0.63493
0.42086 0.68035
0.35084 0.71897
0.27731 0.75040
0.20101 0.77434
0.12270 0.79053
0.04316 0.79883
-0.03680 0.79915
-0.11640 0.79149
-0.19484 0.77591
-0.27132 0.75258
-0.34510 0.72174
-0.41543 0.68368
-0.48161 0.63879
-0.54298 0.58752
-0.59892 0.53038
-0.64887 0.46793
-0.69235 0.40082
-0.72890 0.32969
-0.75818 0.25528
-0.77987 0.17831
-0.79378 0.09956
-0.79975 0.01982
-0.79774 -0.06012
-0.78775 -0.13946
-0.76989 -0.21741
-0.74434 -0.29318
-0.71135 -0.36603
-0.67126 -0.43522
-0.62445 -0.50006
-0.57141 -0.55990
-0.51266 -0.61415
-0.44879 -0.66226
-0.38043 -0.70376
-0.30827 -0.73822
-0.23303 -0.76531
-0.15546 -0.78475
-0.07634 -0.79635
0.00354 -0.79999
0.08339 -0.79564
0.16240 -0.78334
0.23980 -0.76322
0.31479 -0.73546
0.38664 -0.70036
0.45463 -0.65826
0.51808 -0.60959
0.57635 -0.55482
0.62886 -0.49451
0.67508 -0.42926
0.71456 -0.35972
0.74691 -0.28658
0.77179 -0.21059
0.78895 -0.13248
0.79824 -0.05306
0.90000 0.00000
0.89550 0.08985
0.88206 0.17880
0.85980 0.26597
0.82895 0.35048
0.78982 0.43148
0.74280 0.50818
0.68836 0.57980
0.62704 0.64562
0.55945 0.70499
0.48627 0.75732
0.40824 0.80209
0.32612 0.83884
0.24075 0.86720
0.15297 0.88690
0.06366 0.89775
-0.02628 0.89962
-0.11596 0.89250
-0.20448 0.87646
-0.29096 0.85167
-0.37453 0.81837
-0.45436 0.77689
-0.52965 0.72765
-0.59965 0.67113
-0.66365 0.60792
-0.72103 0.53862
-0.77120 0.46395
-0.81366 0.38464
-0.84800 0.30149
-0.87386 0.21532
-0.89099 0.12701
-0.89922 0.03742
-0.89847 -0.05254
-0.88873 -0.14197
-0.87012 -0.22999
-0.84281 -0.31570
-0.80708 -0.39827
-0.76329 -0.47685
-0.71187 -0.55067
-0.65334 -0.61899
-0.58828 -0.68112
-0.51734 -0.73645
-0.44123 -0.78442
-0.36072 -0.82455
-0.27660 -0.85644
-0.18972 -0.87978
-0.10094 -0.89432
-0.01115 -0.89993
0.07875 -0.89655
0.16786 -0.88421
0.25530 -0.86303
0.34018 -0.83323
0.42167 -0.79511
0.49894 -0.74904
0.57122 -0.69549
0.63780 -0.63499
0.69801 -0.56814
0.75124 -0.49562
0.79697 -0.41814
0.83473 -0.33649
0.86415 -0.25147
0.88494 -0.16395
0.89689 -0.07478
0.89987 0.01513
0.89387 0.10489
0.87893 0.19361
0.85521 0.28039
0.82294 0.36436
0.78246 0.44470
0.73415 0.52060
0.67851 0.59129
0.61609 0.65607
0.54752 0.71430
0.47347 0.76539
0.39469 0.80884
0.31197 0.84420
0.22613 0.87113
0.13804 0.88935
0.04856 0.89869
-0.04140 0.89905
-0.13095 0.89042
-0.21919 0.87290
-0.30524 0.84666
-0.38824 0.81195
-0.46736 0.76914
-0.54181 0.71864
-0.61085 0.66096
-0.67378 0.59667
-0.72998 0.52643
-0.77889 0.45092
-0.82002 0.37091
-0.85295 0.28719
-0.87736 0.20060
-0.89300 0.11201
-0.89972 0.02230
-0.89745 -0.06764
-0.88622 -0.15689
-0.86613 -0.24458
-0.83738 -0.32983
-0.80027 -0.41178
-0.75516 -0.48962
-0.70251 -0.56256
-0.64284 -0.62989
-0.57674 -0.69092
-0.50489 -0.74504
-0.42798 -0.79173
-0.34680 -0.83050
-0.26216 -0.86097
-0.17490 -0.88284
-0.08589 -0.89589
0.00398 -0.89999
0.09381 -0.89510
0.18270 -0.88126
0.26977 -0.85862
0.35414 -0.82740
0.43497 -0.78791
0.51146 -0.74055
0.58284 -0.68579
0.64839 -0.62417
0.70746 -0.55632
0.75947 -0.48292
0.80389 -0.40468
0.84027 -0.32241
0.86826 -0.23691
0.88757 -0.14904
0.89802 -0.05969
1.00000 0.00000
0.99500 0.09983
0.98007 0.19867
0.95534 0.29552
0.92106 0.38942
0.87758 0.47943
0.82534 0.56464
0.76484 0.64422
0.69671 0.71736
0.62161 0.78333
0.54030 0.84147
0.45360 0.89121
0.36236 0.93204
0.26750 0.96356
0.16997 0.98545
0.07074 0.99749
-0.02920 0.99957
-0.12884 0.99166
-0.22720 0.97385
-0.32329 0.94630
-0.41615 0.90930
-0.50485 0.86321
-0.58850 0.80850
-0.66628 0.74571
-0.73739 0.67546
-0.80114 0.59847
-0.85689 0.51550
-0.90407 0.42738
-0.94222 0.33499
-0.97096 0.23925
-0.98999 0.14112
-0.99914 0.04158
-0.99829 -0.05837
-0.98748 -0.15775
-0.96680 -0.25554
-0.93646 -0.35078
-0.89676 -0.44252
-0.84810 -0.52984
-0.79097 -0.61186
-0.72593 -0.68777
-0.65364 -0.75680
-0.57482 -0.81828
-0.49026 -0.87158
-0.40080 -0.91617
-0.30733 -0.95160
-0.21080 -0.97753
-0.11215 -0.99369
-0.01239 -0.99992
0.08750 -0.99616
0.18651 -0.98245
0.28366 -0.95892
0.37798 -0.92581
0.46852 -0.88345
0.55437 -0.83227
0.63469 -0.77276
0.70867 -0.70554
0.77557 -0.63127
0.83471 -0.55069
0.88552 -0.46460
0.92748 -0.37388
0.96017 -0.27942
0.98327 -0.18216
0.99654 -0.08309
0.99986 0.01681
0.99318 0.11655
0.97659 0.21512
0.95023 0.31154
0.91438 0.40485
0.86940 0.49411
0.81573 0.57844
0.75390 0.65699
0.68455 0.72897
0.60835 0.79367
0.52608 0.85044
0.43855 0.89871
0.34664 0.93800
0.25126 0.96792
0.15337 0.98817
0.05396 0.99854
-0.04600 0.99894
-0.14550 0.98936
-0.24354 0.96989
-0.33915 0.94073
-0.43138 0.90217
-0.51929 0.85460
-0.60201 0.79849
-0.67872 0.73440
-0.74865 0.66297
-0.81109 0.58492
-0.86544 0.50102
-0.91113 0.41212
-0.94772 0.31910
-0.97484 0.22289
-0.99223 0.12445
-0.99969 0.02478
-0.99717 -0.07515
-0.98469 -0.17433
-0.96236 -0.27176
-0.93043 -0.36648
-0.88919 -0.45754
-0.83907 -0.54402
-0.78057 -0.62507
-0.71427 -0.69987
-0.64083 -0.76769
-0.56098 -0.82783
-0.47554 -0.87970
-0.38534 -0.92278
-0.29129 -0.95664
-0.19433 -0.98094
-0.09543 -0.99544
0.00443 -0.99999
0.10424 -0.99455
0.20300 -0.97918
0.29975 -0.95402
0.39349 -0.91933
0.48330 -0.87545
0.56829 -0.82283
0.64760 -0.76198
0.72043 -0.69353
0.78607 -0.61814
0.84385 -0.53657
0.89321 -0.44965
0.93363 -0.35823
0.96473 -0.26323
0.98619 -0.16560
0.99780 -0.06632
1.10000 0.00000
1.09450 0.10982
1.07807 0.21854
1.05087 0.32507
1.01317 0.42836
0.96534 0.52737
0.90787 0.62111
0.84133 0.70864
0.76638 0.78909
0.68377 0.86166
0.59433 0.92562
0.49896 0.98033
0.39859 1.02524
0.29425 1.05991
0.18696 1.08399
0.07781 1.09724
-0.03212 1.09953
-0.14173 1.09083
-0.24992 1.07123
-0.35562 1.04093
-0.45776 1.00023
-0.55533 0.94953
-0.64735 0.88935
-0.73290 0.82028
-0.81113 0.74301
-0.88126 0.65832
-0.94258 0.56705
-0.99448 0.47012
-1.03644 0.36849
-1.06805 0.26317
-1.08899 0.15523
-1.09905 0.04574
-1.09812 -0.06421
-1.08623 -0.17352
-1.06348 -0.28110
-1.03010 -0.38586
-0.98643 -0.48677
-0.93291 -0.58282
-0.87006 -0.67304
-0.79853 -0.75654
-0.71901 -0.83248
-0.63231 -0.90010
-0.53929 -0.95873
-0.44088 -1.00778
-0.33807 -1.04676
-0.23188 -1.07528
-0.12337 -1.09306
-0.01363 -1.09992
0.09625 -1.09578
0.20516 -1.08070
0.31203 -1.05482
0.41578 -1.01840
0.51537 -0.97180
0.60981 -0.91549
0.69816 -0.85004
0.77954 -0.77609
0.85312 -0.69439
0.91818 -0.60575
0.97407 -0.51106
1.02023 -0.41126
1.05619 -0.30736
1.08160 -0.20038
1.09620 -0.09140
1.09984 0.01850
1.09250 0.12820
1.07425 0.23663
1.04526 0.34270
1.00582 0.44533
0.95634 0.54352
0.89730 0.63628
0.82929 0.72269
0.75300 0.80187
0.66919 0.87303
0.57869 0.93548
0.48240 0.98858
0.38130 1.03180
0.27639 1.06471
0.16871 1.08699
0.05935 1.09840
-0.05060 1.09884
-0.16005 1.08829
-0.26790 1.06688
-0.37307 1.03480
-0.47451 0.99239
-0.57122 0.94006
-0.66221 0.87834
-0.74659 0.80784
-0.82351 0.72927
-0.89220 0.64341
-0.95198 0.55112
-1.00224 0.45333
-1.04249 0.35101
-1.07233 0.24518
-1.09145 0.13690
-1.09966 0.02725
-1.09689 -0.08267
-1.08316 -0.19176
-1.05860 -0.29894
-1.02347 -0.40313
-0.97811 -0.50329
-0.92298 -0.59842
-0.85862 -0.68758
-0.78569 -0.76986
-0.70491 -0.84445
-0.61708 -0.91061
-0.52309 -0.96767
-0.42387 -1.01505
-0.32042 -1.05230
-0.21376 -1.07903
-0.10497 -1.09498
0.00487 -1.09999
0.11466 -1.09401
0.22331 -1.07710
0.32972 -1.04942
0.43284 -1.01126
0.53164 -0.96300
0.62512 -0.90511
0.71236 -0.83818
0.79248 -0.76288
0.86468 -0.67995
0.92824 -0.59023
0.98253 -0.49461
1.02700 -0.39405
1.06121 -0.28955
1.08481 -0.18216
1.09758 -0.07295
1.20000 0.00000
1.19400 0.11980
1.17608 0.23840
1.14640 0.35462
1.10527 0.46730
1.05310 0.57531
0.99040 0.67757
0.91781 0.77306
0.83605 0.86083
0.74593 0.93999
0.64836 1.00977
0.54432 1.06945
0.43483 1.11845
0.32100 1.15627
0.20396 1.18254
0.08488 1.19699
-0.03504 1.19949
-0.15461 1.19000
-0.27264 1.16862
-0.38795 1.13556
-0.49938 1.09116
-0.60582 1.03585
-0.70620 0.97020
-0.79953 0.89485
-0.88487 0.81056
-0.96137 0.71817
-1.02827 0.61860
-1.08489 0.51286
-1.13067 0.40199
-1.16515 0.28710
-1.18799 0.16934
-1.19896 0.04990
-1.19795 -0.07005
-1.18498 -0.18929
-1.16016 -0.30665
-1.12375 -0.42094
-1.07611 -0.53102
-1.01772 -0.63580
-0.94916 -0.73423
-0.87112 -0.82532
-0.78437 -0.90816
-0.68979 -0.98193
-0.58831 -1.04589
-0.48096 -1.09940
-0.36880 -1.14192
-0.25295 -1.17304
-0.13458 -1.19243
-0.01487 -1.19991
0.10500 -1.19540
0.22381 -1.17894
0.34039 -1.15071
0.45357 -1.11098
0.56222 -1.06015
0.66525 -0.99872
0.76163 -0.92732
0.85040 -0.84665
0.93068 -0.75752
1.00166 -0.66082
1.06262 -0.55752
1.11297 -0.44865
1.15220 -0.33530
1.17992 -0.21860
1.19585 -0.09971
1.19983 0.02018
1.19182 0.13986
1.17191 0.25814
1.14028 0.37385
1.09726 0.48582
1.04328 0.59294
0.97887 0.69413
0.90468 0.78838
0.82146 0.87476
0.73002 0.95240
0.63129 1.02052
0.52626 1.07845
0.41596 1.12560
0.30151 1.16150
0.18405 1.18580
0.06475 1.19825
-0.05520 1.19873
-0.17460 1.18723
-0.29225 1.16387
-0.40699 1.12888
-0.51765 1.08261
-0.62315 1.02552
-0.72241 0.95818
-0.81446 0.88128
-0.89838 0.79556
-0.97331 0.70190
-1.03852 0.60123
-1.09336 0.49454
-1.13727 0.38292
-1.16981 0.26747
-1.19067 0.14935
-1.19963 0.02973
-1.19661 -0.09018
-1.18163 -0.20919
-1.15484 -0.32611
-1.11651 -0.43977
-1.06703 -0.54904
-1.00689 -0.65283
-0.93668 -0.75008
-0.85712 -0.83985
-0.76899 -0.92122
-0.67318 -0.99339
-0.57064 -1.05563
-0.46241 -1.10733
-0.34955 -1.14796
-0.23320 -1.17712
-0.11451 -1.19452
0.00531 -1.19999
0.12508 -1.19346
0.24361 -1.17501
0.35969 -1.14482
0.47219 -1.10319
0.57997 -1.05054
0.68195 -0.98739
0.77712 -0.91438
0.86452 -0.83223
0.94328 -0.74176
1.01262 -0.64389
1.07185 -0.53958
1.12036 -0.42988
1.15768 -0.31588
1.18343 -0.19873
1.19736 -0.07959
1.30000 0.00000
1.29351 0.12978
1.27409 0.25827
1.24194 0.38418
1.19738 0.50624
1.14086 0.62325
1.07294 0.73404
0.99429 0.83748
0.90572 0.93256
0.80809 1.01832
0.70239 1.09391
0.58967 1.15857
0.47107 1.21165
0.34775 1.25263
0.22096 1.28108
0.09196 1.29674
-0.03796 1.29945
-0.16750 1.28916
-0.29536 1.26600
-0.42028 1.23019
-0.54099 1.18209
-0.65630 1.12217
-0.76505 1.05105
-0.86616 0.96942
-0.95861 0.87810
-1.04149 0.77801
-1.11396 0.67015
-1.17529 0.55559
-1.22489 0.43548
-1.26225 0.31102
-1.28699 0.18346
-1.29888 0.05405
-1.29778 -0.07589
-1.28372 -0.20507
-1.25684 -0.33220
-1.21739 -0.45602
-1.16579 -0.57528
-1.10253 -0.68879
-1.02826 -0.79542
-0.94371 -0.89410
-0.84974 -0.98384
-0.74727 -1.06376
-0.63734 -1.13305
-0.52104 -1.19102
-0.39953 -1.23708
-0.27403 -1.27079
-0.14580 -1.29180
-0.01611 -1.29990
0.11375 -1.29501
0.24247 -1.27719
0.36876 -1.24660
0.49137 -1.20356
0.60907 -1.14849
0.72069 -1.08195
0.82510 -1.00459
0.92127 -0.91720
1.00824 -0.82065
1.08513 -0.71589
1.15118 -0.60398
1.20572 -0.48604
1.24822 -0.36324
1.27825 -0.23681
1.29550 -0.10802
1.29982 0.02186
1.29114 0.15151
1.26956 0.27966
1.23530 0.40500
1.18870 0.52630
1.13022 0.64235
1.06044 0.75197
0.98007 0.85408
0.88991 0.94766
0.79086 1.03177
0.68390 1.10557
0.57011 1.16832
0.45063 1.21940
0.32664 1.25830
0.19939 1.28462
0.07014 1.29811
-0.05980 1.29862
-0.18915 1.28617
-0.31661 1.26086
-0.44090 1.22295
-0.56079 1.17282
-0.67508 1.11098
-0.78262 1.03803
-0.88234 0.95472
-0.97324 0.86186
-1.05442 0.76039
-1.12507 0.65133
-1.18447 0.53575
-1.23204 0.41483
-1.26730 0.28976
-1.28989 0.16179
-1.29960 0.03221
-1.29632 -0.09770
-1.28009 -0.22662
-1.25107 -0.35329
-1.20955 -0.47642
-1.15595 -0.59480
-1.09079 -0.70723
-1.01474 -0.81259
-0.92855 -0.90984
-0.83307 -0.99799
-0.72928 -1.07617
-0.61820 -1.14360
-0.50094 -1.19961
-0.37868 -1.24363
-0.25263 -1.27522
-0.12406 -1.29407
0.00575 -1.29999
0.13551 -1.29292
0.26391 -1.27293
0.38967 -1.24023
0.51154 -1.19513
0.62830 -1.13809
0.73878 -1.06968
0.84188 -0.99058
0.93656 -0.90158
1.02189 -0.80358
1.09701 -0.69754
1.16117 -0.58454
1.21372 -0.46570
1.25415 -0.34220
1.28205 -0.21529
1.29714 -0.08622
1.40000 0.00000
1.39301 0.13977
1.37209 0.27814
1.33747 0.41373
1.28949 0.54519
1.22862 0.67120
1.15547 0.79050
1.07078 0.90190
0.97539 1.00430
0.87025 1.09666
0.75642 1.17806
0.63503 1.24769
0.50730 1.30485
0.37450 1.34898
0.23795 1.37963
0.09903 1.39649
-0.04088 1.39940
-0.18038 1.38833
-0.31808 1.36339
-0.45261 1.32482
-0.58261 1.27302
-0.70678 1.20849
-0.82390 1.13189
-0.93279 1.04399
-1.03235 0.94565
-1.12160 0.83786
-1.19964 0.72170
-1.26570 0.59833
-1.31911 0.46898
-1.35934 0.33495
-1.38599 0.19757
-1.39879 0.05821
-1.39761 -0.08172
-1.38247 -0.22084
-1.35352 -0.35776
-1.31104 -0.49110
-1.25546 -0.61953
-1.18734 -0.74177
-1.10735 -0.85660
-1.01631 -0.96287
-0.91510 -1.05952
-0.80475 -1.14559
-0.68637 -1.22021
-0.56112 -1.28263
-0.43027 -1.33224
-0.29511 -1.36854
-0.15701 -1.39117
-0.01734 -1.39989
0.12250 -1.39463
0.26112 -1.37543
0.39713 -1.34249
0.52917 -1.29614
0.65592 -1.23684
0.77612 -1.16517
0.88857 -1.08187
0.99214 -0.98776
1.08579 -0.88377
1.16860 -0.77096
1.23973 -0.65044
1.29847 -0.52343
1.34424 -0.39118
1.37658 -0.25503
1.39516 -0.11633
1.39980 0.02354
1.39046 0.16317
1.36722 0.30117
1.33033 0.43616
1.28014 0.56679
1.21716 0.69176
1.14202 0.80982
1.05546 0.91978
0.95837 1.02056
0.85169 1.11114
0.73651 1.19061
0.61397 1.25819
0.48529 1.31320
0.35176 1.35509
0.21472 1.38344
0.07554 1.39796
-0.06440 1.39852
-0.20370 1.38510
-0.34096 1.35785
-0.47482 1.31702
-0.60393 1.26304
-0.72700 1.19644
-0.84282 1.11788
-0.95021 1.02816
-1.04811 0.92816
-1.13553 0.81888
-1.21161 0.70143
-1.27558 0.57697
-1.32681 0.44674
-1.36478 0.31205
-1.38912 0.17424
-1.39957 0.03469
-1.39604 -0.10521
-1.37856 -0.24406
-1.34731 -0.38046
-1.30260 -0.51307
-1.24487 -0.64055
-1.17470 -0.76163
-1.09280 -0.87510
-0.99997 -0.97982
-0.89716 -1.07476
-0.78538 -1.15896
-0.66575 -1.23157
-0.53947 -1.29189
-0.40780 -1.33929
-0.27206 -1.37331
-0.13360 -1.39361
0.00620 -1.39999
0.14593 -1.39237
0.28421 -1.37085
0.41964 -1.33563
0.55089 -1.28706
0.67663 -1.22563
0.79561 -1.15196
0.90663 -1.06678
1.00861 -0.97094
1.10050 -0.86539
1.18140 -0.75120
1.25049 -0.62951
1.30709 -0.50152
1.35063 -0.36852
1.38067 -0.23185
1.39692 -0.09285
1.50000 0.00000
1.49251 0.14975
1.47010 0.29800
1.43300 0.44328
1.38159 0.58413
1.31637 0.71914
1.23800 0.84696
1.14726 0.96633
1.04506 1.07603
0.93241 1.17499
0.81045 1.26221
0.68039 1.33681
0.54354 1.39806
0.40125 1.44534
0.25495 1.47817
0.10611 1.49624
-0.04380 1.49936
-0.19327 1.48750
-0.34080 1.46077
-0.48493 1.41945
-0.62422 1.36395
-0.75727 1.29481
-0.88275 1.21274
-0.99941 1.11856
-1.10609 1.01319
-1.20172 0.89771
-1.28533 0.77325
-1.35611 0.64107
-1.41333 0.50248
-1.45644 0.35887
-1.48499 0.21168
-1.49870 0.06237
-1.49744 -0.08756
-1.48122 -0.23662
-1.45020 -0.38331
-1.40469 -0.52617
-1.34514 -0.66378
-1.27215 -0.79475
-1.18645 -0.91779
-1.08890 -1.03165
-0.98047 -1.13520
-0.86224 -1.22742
-0.73539 -1.30736
-0.60120 -1.37425
-0.46100 -1.42740
-0.31619 -1.46630
-0.16823 -1.49054
-0.01858 -1.49988
0.13125 -1.49425
0.27977 -1.47368
0.42549 -1.43839
0.56697 -1.38872
0.70278 -1.32518
0.83156 -1.24840
0.95204 -1.15915
1.06300 -1.05831
1.16335 -0.94690
1.25207 -0.82603
1.32828 -0.69690
1.39122 -0.56081
1.44026 -0.41912
1.47490 -0.27324
1.49481 -0.12463
1.49979 0.02522
1.48978 0.17482
1.46488 0.32268
1.42535 0.46731
1.37157 0.60727
1.30410 0.74117
1.22359 0.86766
1.13085 0.98548
1.02682 1.09345
0.91253 1.19050
0.78912 1.27565
0.65782 1.34806
0.51995 1.40700
0.37689 1.45188
0.23006 1.48225
0.08093 1.49782
-0.06900 1.49841
-0.21825 1.48404
-0.36532 1.45483
-0.50873 1.41110
-0.64707 1.35326
-0.77893 1.28190
-0.90302 1.19773
-1.01808 1.10160
-1.12297 0.99445
-1.21664 0.87738
-1.29815 0.75153
-1.36670 0.61818
-1.42158 0.47865
-1.46227 0.33433
-1.48834 0.18668
-1.49954 0.03716
-1.49576 -0.11273
-1.47703 -0.26149
-1.44355 -0.40764
-1.39564 -0.54972
-1.33379 -0.68630
-1.25861 -0.81603
-1.17085 -0.93761
-1.07140 -1.04981
-0.96124 -1.15153
-0.84148 -1.24174
-0.71331 -1.31954
-0.57801 -1.38416
-0.43693 -1.43495
-0.29149 -1.47140
-0.14314 -1.49315
0.00664 -1.49999
0.15635 -1.49183
0.30451 -1.46877
0.44962 -1.43103
0.59024 -1.37899
0.72496 -1.31318
0.85243 -1.23424
0.97139 -1.14298
1.08065 -1.04029
1.17911 -0.92721
1.26578 -0.80486
1.33981 -0.67447
1.40045 -0.53734
1.44710 -0.39485
1.47929 -0.24841
1.49670 -0.09948
1.60000 0.00000
1.59201 0.15973
1.56811 0.31787
1.52854 0.47283
1.47370 0.62307
1.40413 0.76708
1.32054 0.90343
1.22375 1.03075
1.11473 1.14777
0.99458 1.25332
0.86448 1.34635
0.72575 1.42593
0.57977 1.49126
0.42800 1.54169
0.27195 1.57672
0.11318 1.59599
-0.04672 1.59932
-0.20615 1.58666
-0.36352 1.55816
-0.51726 1.51408
-0.66583 1.45488
-0.80775 1.38113
-0.94160 1.29359
-1.06604 1.19313
-1.17983 1.08074
-1.28183 0.95756
-1.37102 0.82480
-1.44652 0.68381
-1.50756 0.53598
-1.55353 0.38280
-1.58399 0.22579
-1.59862 0.06653
-1.59727 -0.09340
-1.57997 -0.25239
-1.54688 -0.40887
-1.49833 -0.56125
-1.43481 -0.70803
-1.35696 -0.84774
-1.26555 -0.97897
-1.16149 -1.10043
-1.04583 -1.21088
-0.91972 -1.30924
-0.78442 -1.39452
-0.64128 -1.46587
-0.49173 -1.52256
-0.33727 -1.56405
-0.17944 -1.58991
-0.01982 -1.59988
0.14000 -1.59386
0.29842 -1.57192
0.45386 -1.53428
0.60476 -1.48130
0.74963 -1.41353
0.88700 -1.33163
1.01551 -1.23642
1.13387 -1.12886
1.24091 -1.01003
1.33554 -0.88110
1.41683 -0.74336
1.48397 -0.59820
1.53627 -0.44706
1.57323 -0.29146
1.59447 -0.13294
1.59977 0.02690
1.58910 0.18648
1.56254 0.34419
1.52037 0.49847
1.46301 0.64776
1.39104 0.79058
1.30516 0.92550
1.20624 1.05118
1.09527 1.16635
0.97336 1.26987
0.84172 1.36070
0.70168 1.43793
0.55462 1.50080
0.40202 1.54867
0.24540 1.58107
0.08633 1.59767
-0.07360 1.59831
-0.23280 1.58297
-0.38967 1.55182
-0.54265 1.50517
-0.69020 1.44347
-0.83086 1.36736
-0.96322 1.27758
-1.08595 1.17504
-1.19783 1.06075
-1.29775 0.93587
-1.38470 0.80163
-1.45781 0.65939
-1.51635 0.51056
-1.55975 0.35662
-1.58756 0.19913
-1.59951 0.03964
-1.59548 -0.12024
-1.57550 -0.27892
-1.53978 -0.43482
-1.48868 -0.58637
-1.42271 -0.73206
-1.34251 -0.87043
-1.24891 -1.00011
-1.14283 -1.11980
-1.02532 -1.22830
-0.89757 -1.32452
-0.76086 -1.40751
-0.61654 -1.47644
-0.46606 -1.53062
-0.31093 -1.56950
-0.15269 -1.59270
0.00708 -1.59998
0.16678 -1.59128
0.32481 -1.56668
0.47959 -1.52643
0.62959 -1.47093
0.77329 -1.40072
0.90926 -1.31653
1.03615 -1.21917
1.15269 -1.10964
1.25771 -0.98902
1.35017 -0.85852
1.42913 -0.71944
1.49381 -0.57317
1.54357 -0.42117
1.57791 -0.26497
1.59648 -0.10612
1.70000 0.00000
1.69151 0.16972
1.66611 0.33774
1.62407 0.50238
1.56580 0.66201
1.49189 0.81502
1.40307 0.95989
1.30023 1.09517
1.18440 1.21951
1.05674 1.33166
0.91851 1.43050
0.77111 1.51505
0.61601 1.58447
0.45475 1.63805
0.28894 1.67526
0.12025 1.69574
-0.04964 1.69928
-0.21904 1.68583
-0.38624 1.65554
-0.54959 1.60871
-0.70745 1.54581
-0.85824 1.46746
-1.00045 1.37444
-1.13267 1.26770
-1.25357 1.14829
-1.36194 1.01740
-1.45671 0.87635
-1.53692 0.72655
-1.60178 0.56948
-1.65063 0.40672
-1.68299 0.23990
-1.69853 0.07069
-1.69710 -0.09924
-1.67872 -0.26817
-1.64356 -0.43442
-1.59198 -0.59633
-1.52449 -0.75228
-1.44177 -0.90072
-1.34465 -1.04016
-1.23408 -1.16920
-1.11119 -1.28656
-0.97720 -1.39107
-0.83344 -1.48168
-0.68136 -1.55748
-0.52247 -1.61772
-0.35835 -1.66180
-0.19066 -1.68927
-0.02106 -1.69987
0.14875 -1.69348
0.31707 -1.67017
0.48223 -1.63017
0.64256 -1.57388
0.79648 -1.50187
0.94244 -1.41485
1.07898 -1.31370
1.20474 -1.19942
1.31846 -1.07315
1.41901 -0.93617
1.50538 -0.78982
1.57671 -0.63559
1.63229 -0.47501
1.67156 -0.30968
1.69412 -0.14125
1.69976 0.02858
1.68841 0.19813
1.66020 0.36570
1.61540 0.52962
1.55445 0.68824
1.47798 0.83999
1.38673 0.98335
1.28163 1.11688
1.16373 1.23925
1.03420 1.34924
0.89433 1.44574
0.74553 1.52780
0.58928 1.59460
0.42714 1.64546
0.26074 1.67989
0.09172 1.69752
-0.07820 1.69820
-0.24735 1.68191
-0.41403 1.64881
-0.57656 1.59924
-0.73334 1.53369
-0.88279 1.45282
-1.02342 1.35743
-1.15382 1.24848
-1.27270 1.12705
-1.37886 0.99436
-1.47124 0.85174
-1.54892 0.70060
-1.61113 0.54247
-1.65723 0.37891
-1.68678 0.21157
-1.69948 0.04212
-1.69519 -0.12776
-1.67397 -0.29636
-1.63602 -0.46199
-1.58172 -0.62301
-1.51162 -0.77781
-1.42642 -0.92484
-1.32697 -1.06262
-1.21425 -1.18979
-1.08940 -1.30507
-0.95367 -1.40730
-0.80841 -1.49548
-0.65507 -1.56872
-0.49519 -1.62628
-0.33036 -1.66759
-0.16223 -1.69224
0.00752 -1.69998
0.17720 -1.69074
0.34511 -1.66460
0.50957 -1.62183
0.66893 -1.56286
0.82162 -1.48827
0.96609 -1.39881
1.10091 -1.29537
1.22474 -1.17899
1.33632 -1.05083
1.43455 -0.91217
1.51845 -0.76440
1.58718 -0.60899
1.64005 -0.44749
1.67653 -0.28153
1.69626 -0.11275
1.80000 0.00000
1.79101 0.17970
1.76412 0.35760
1.71961 0.53194
1.65791 0.70095
1.57965 0.86297
1.48560 1.01636
1.37672 1.15959
1.25407 1.29124
1.11890 1.40999
0.97254 1.51465
0.81647 1.60417
0.65224 1.67767
0.48150 1.73440
0.30594 1.77381
0.12733 1.79549
-0.05256 1.79923
-0.23192 1.78500
-0.40896 1.75293
-0.58192 1.70334
-0.74906 1.63674
-0.90872 1.55378
-1.05930 1.45529
-1.19930 1.34227
-1.32731 1.21583
-1.44206 1.07725
-1.54240 0.92790
-1.62733 0.76928
-1.69600 0.60298
-1.74772 0.43065
-1.78199 0.25402
-1.79844 0.07485
-1.79693 -0.10507
-1.77746 -0.28394
-1.74024 -0.45997
-1.68562 -0.63141
-1.61417 -0.79654
-1.52658 -0.95371
-1.42374 -1.10134
-1.30668 -1.23798
-1.17656 -1.36224
-1.03468 -1.47290
-0.88247 -1.56884
-0.72144 -1.64910
-0.55320 -1.71288
-0.37943 -1.75955
-0.20187 -1.78864
-0.02230 -1.79986
0.15750 -1.79310
0.33572 -1.76841
0.51059 -1.72606
0.68036 -1.66647
0.84333 -1.59022
0.99787 -1.49808
1.14245 -1.39098
1.27561 -1.26997
1.39602 -1.13628
1.50248 -0.99123
1.59394 -0.83628
1.66946 -0.67298
1.72831 -0.50295
1.76988 -0.32789
1.79378 -0.14956
1.79975 0.03027
1.78773 0.20979
1.75786 0.38722
1.71042 0.56077
1.64589 0.72873
1.56492 0.88940
1.46831 1.04119
1.35702 1.18258
1.23218 1.31214
1.09503 1.42860
0.94694 1.53079
0.78939 1.61767
0.62394 1.68840
0.45227 1.74226
0.27607 1.77870
0.09712 1.79738
-0.08280 1.79809
-0.26190 1.78084
-0.43838 1.74580
-0.61048 1.69332
-0.77648 1.62391
-0.93472 1.53828
-1.08362 1.43728
-1.22170 1.32191
-1.34756 1.19334
-1.45997 1.05285
-1.55778 0.90184
-1.64003 0.74181
-1.70590 0.57438
-1.75472 0.40120
-1.78601 0.22402
-1.79945 0.04460
-1.79491 -0.13527
-1.77244 -0.31379
-1.73226 -0.48917
-1.67477 -0.65966
-1.60054 -0.82356
-1.51033 -0.97924
-1.40502 -1.12513
-1.28568 -1.25977
-1.15349 -1.38183
-1.00977 -1.49009
-0.85597 -1.58345
-0.69361 -1.66100
-0.52432 -1.72194
-0.34979 -1.76569
-0.17177 -1.79179
0.00797 -1.79998
0.18762 -1.79019
0.36541 -1.76252
0.53954 -1.71723
0.70828 -1.65479
0.86995 -1.57581
1.02292 -1.48109
1.16567 -1.37157
1.29678 -1.24835
1.41493 -1.11265
1.51894 -0.96583
1.60777 -0.80937
1.68054 -0.64481
1.73652 -0.47382
1.77515 -0.29809
1.79604 -0.11938
1.90000 0.00000
1.89051 0.18968
1.86213 0.37747
1.81514 0.56149
1.75002 0.73989
1.66741 0.91091
1.56814 1.07282
1.45320 1.22401
1.32374 1.36298
1.18106 1.48832
1.02657 1.59879
0.86183 1.69329
0.68848 1.77087
0.50825 1.83076
0.32294 1.87235
0.13440 1.89524
-0.05548 1.89919
-0.24480 1.88416
-0.43168 1.85031
-0.61425 1.79797
-0.79068 1.72767
-0.95921 1.64010
-1.11815 1.53614
-1.26592 1.41684
-1.40105 1.28338
-1.52217 1.13710
-1.62809 0.97945
-1.71774 0.81202
-1.79022 0.63648
-1.84482 0.45457
-1.88099 0.26813
-1.89836 0.07900
-1.89676 -0.11091
-1.87621 -0.29972
-1.83692 -0.48553
-1.77927 -0.66649
-1.70384 -0.84079
-1.61139 -1.00669
-1.50284 -1.16253
-1.37927 -1.30676
-1.24192 -1.43792
-1.09217 -1.55473
-0.93150 -1.65599
-0.76152 -1.74072
-0.58393 -1.80804
-0.40051 -1.85731
-0.21309 -1.88801
-0.02354 -1.89985
0.16625 -1.89271
0.35437 -1.86666
0.53896 -1.82196
0.71816 -1.75905
0.89018 -1.67856
1.05331 -1.58131
1.20592 -1.46825
1.34647 -1.34053
1.47358 -1.19941
1.58595 -1.04630
1.68249 -0.88274
1.76221 -0.71037
1.82432 -0.53089
1.86821 -0.34611
1.89343 -0.15787
1.89973 0.03195
1.88705 0.22144
1.85552 0.40873
1.80544 0.59193
1.73733 0.76921
1.65186 0.93882
1.54988 1.09904
1.43241 1.24827
1.30064 1.38504
1.15587 1.50797
0.99955 1.61583
0.83324 1.70755
0.65861 1.78220
0.47739 1.83905
0.29141 1.87752
0.10252 1.89723
-0.08740 1.89799
-0.27645 1.87978
-0.46273 1.84279
-0.64439 1.78739
-0.81962 1.71413
-0.98665 1.62374
-1.14382 1.51713
-1.28957 1.39535
-1.42243 1.25964
-1.54108 1.11134
-1.64433 0.95194
-1.73115 0.78303
-1.80067 0.60629
-1.85220 0.42349
-1.88523 0.23646
-1.89942 0.04707
-1.89463 -0.14279
-1.87091 -0.33122
-1.82849 -0.51635
-1.76781 -0.69631
-1.68946 -0.86932
-1.59424 -1.03364
-1.48308 -1.18763
-1.35710 -1.32976
-1.21757 -1.45860
-1.06587 -1.57287
-0.90352 -1.67142
-0.73214 -1.75327
-0.55345 -1.81761
-0.36923 -1.86378
-0.18131 -1.89133
0.00841 -1.89998
0.19805 -1.88965
0.38571 -1.86044
0.56952 -1.81264
0.74763 -1.74672
0.91828 -1.66336
1.07975 -1.56337
1.23043 -1.44777
1.36882 -1.31770
1.49353 -1.17446
1.60332 -1.01949
1.69709 -0.85433
1.77390 -0.68064
1.83299 -0.50014
1.87377 -0.31465
1.89582 -0.12601
2.00000 0.00000
1.99001 0.19967
1.96013 0.39734
1.91067 0.59104
1.84212 0.77884
1.75517 0.95885
1.65067 1.12928
1.52968 1.28844
1.39341 1.43471
1.24322 1.56665
1.08060 1.68294
0.90719 1.78241
0.72472 1.86408
0.53500 1.92712
0.33993 1.97090
0.14147 1.99499
-0.05840 1.99915
-0.25769 1.98333
-0.45440 1.94770
-0.64658 1.89260
-0.83229 1.81859
-1.00969 1.72642
-1.17700 1.61699
-1.33255 1.49141
-1.47479 1.35093
-1.60229 1.19694
-1.71378 1.03100
-1.80814 0.85476
-1.88444 0.66998
-1.94192 0.47850
-1.97998 0.28224
-1.99827 0.08316
-1.99659 -0.11675
-1.97496 -0.31549
-1.93360 -0.51108
-1.87291 -0.70157
-1.79352 -0.88504
-1.69620 -1.05967
-1.58194 -1.22372
-1.45186 -1.37553
-1.30729 -1.51360
-1.14965 -1.63655
-0.98052 -1.74315
-0.80160 -1.83233
-0.61467 -1.90320
-0.42159 -1.95506
-0.22431 -1.98738
-0.02478 -1.99985
0.17500 -1.99233
0.37302 -1.96491
0.56732 -1.91785
0.75596 -1.85163
0.93703 -1.76691
1.10875 -1.66453
1.26939 -1.54553
1.41734 -1.41108
1.55113 -1.26253
1.66943 -1.10137
1.77104 -0.92920
1.85496 -0.74775
1.92034 -0.55883
1.96654 -0.36433
1.99308 -0.16618
1.99972 0.03363
1.98637 0.23310
1.95318 0.43024
1.90047 0.62308
1.82877 0.80970
1.73879 0.98823
1.63145 1.15688
1.50780 1.31397
1.36909 1.45794
1.21670 1.58734
1.05216 1.70087
0.87709 1.79742
0.69327 1.87600
0.50252 1.93584
0.30675 1.97634
0.10791 1.99709
-0.09200 1.99788
-0.29100 1.97872
-0.48709 1.93978
-0.67831 1.88146
-0.86275 1.80434
-1.03858 1.70920
-1.20402 1.59697
-1.35744 1.46879
-1.49729 1.32594
-1.62219 1.16983
-1.73087 1.00204
-1.82226 0.82424
-1.89544 0.63820
-1.94969 0.44578
-1.98445 0.24891
-1.99939 0.04955
-1.99434 -0.15030
-1.96938 -0.34865
-1.92473 -0.54352
-1.86085 -0.73296
-1.77838 -0.91507
-1.67814 -1.08804
-1.56114 -1.25014
-1.42853 -1.39975
-1.28165 -1.53537
-1.12197 -1.65565
-0.95107 -1.75939
-0.77068 -1.84555
-0.58258 -1.91327
-0.38866 -1.96187
-0.19086 -1.99087
0.00885 -1.99998
0.20847 -1.98911
0.40601 -1.95836
0.59949 -1.90804
0.78698 -1.83866
0.96661 -1.75090
1.13658 -1.64566
1.29519 -1.52397
1.44086 -1.38705
1.57214 -1.23627
1.68771 -1.07315
1.78641 -0.89929
1.86727 -0.71646
1.92947 -0.52646
1.97238 -0.33121
1.99560 -0.13264
2.10000 0.00000
2.08951 0.20965
2.05814 0.41721
2.00621 0.62059
1.93423 0.81778
1.84292 1.00679
1.73320 1.18575
1.60617 1.35286
1.46308 1.50645
1.30538 1.64499
1.13463 1.76709
0.95255 1.87154
0.76095 1.95728
0.56175 2.02347
0.35693 2.06944
0.14855 2.09474
-0.06132 2.09910
-0.27057 2.08250
-0.47712 2.04508
-0.67891 1.98723
-0.87391 1.90952
-1.06018 1.81274
-1.23585 1.69784
-1.39918 1.56598
-1.54853 1.41847
-1.68240 1.25679
-1.79947 1.08255
-1.89855 0.89750
-1.97867 0.70348
-2.03901 0.50242
-2.07898 0.29635
-2.09818 0.08732
-2.09642 -0.12259
-2.07371 -0.33127
-2.03028 -0.53664
-1.96656 -0.73664
-1.88319 -0.92929
-1.78101 -1.11266
-1.66103 -1.28490
-1.52446 -1.44431
-1.37265 -1.58929
-1.20713 -1.71838
-1.02955 -1.83031
-0.84168 -1.92395
-0.64540 -1.99836
-0.44267 -2.05281
-0.23552 -2.08675
-0.02602 -2.09984
0.18375 -2.09195
0.39168 -2.06315
0.59569 -2.01374
0.79375 -1.94421
0.98389 -1.85525
1.16419 -1.74776
1.33286 -1.62281
1.48821 -1.48163
1.62869 -1.32566
1.75290 -1.15644
1.85959 -0.97566
1.94770 -0.78514
2.01636 -0.58677
2.06486 -0.38254
2.09274 -0.17449
2.09970 0.03531
2.08569 0.24475
2.05083 0.45175
1.99549 0.65424
1.92020 0.85018
1.82573 1.03764
1.71302 1.21472
1.58319 1.37967
1.43755 1.53083
1.27754 1.66670
1.10476 1.78592
0.92095 1.88729
0.72793 1.96980
0.52765 2.03263
0.32209 2.07515
0.11331 2.09694
-0.09660 2.09778
-0.30555 2.07765
-0.51144 2.03677
-0.71223 1.97553
-0.90589 1.89456
-1.09051 1.79466
-1.26422 1.67682
-1.42531 1.54223
-1.57216 1.39224
-1.70330 1.22833
-1.81741 1.05214
-1.91337 0.86545
-1.99022 0.67011
-2.04717 0.46807
-2.08367 0.26135
-2.09936 0.05203
-2.09406 -0.15782
-2.06784 -0.36609
-2.02097 -0.57070
-1.95390 -0.76961
-1.86730 -0.96083
-1.76205 -1.14244
-1.63919 -1.31265
-1.49996 -1.46974
-1.34574 -1.61214
-1.17807 -1.73844
-0.99863 -1.84736
-0.80921 -1.93783
-0.61171 -2.00893
-0.40809 -2.05997
-0.20040 -2.09042
0.00929 -2.09998
0.21890 -2.08856
0.42631 -2.05627
0.62947 -2.00344
0.82633 -1.93059
1.01494 -1.83845
1.19341 -1.72794
1.35995 -1.60017
1.51291 -1.45640
1.65075 -1.29809
1.77209 -1.12680
1.87573 -0.94426
1.96063 -0.75228
2.02594 -0.55279
2.07100 -0.34777
2.09538 -0.13928
2.20000 0.00000
2.18901 0.21963
2.15615 0.43707
2.10174 0.65014
2.02633 0.85672
1.93068 1.05474
1.81574 1.24221
1.68265 1.41728
1.53275 1.57818
1.36754 1.72332
1.18867 1.85124
0.99791 1.96066
0.79719 2.05049
0.58850 2.11983
0.37393 2.16799
0.15562 2.19449
-0.06424 2.19906
-0.28346 2.18166
-0.49984 2.14246
-0.71124 2.08186
-0.91552 2.00045
-1.11066 1.89906
-1.29470 1.77869
-1.46581 1.64055
-1.62227 1.48602
-1.76252 1.31664
-1.88516 1.13410
-1.98896 0.94024
-2.07289 0.73697
-2.13611 0.52635
-2.17798 0.31046
-2.19810 0.09148
-2.19625 -0.12842
-2.17246 -0.34704
-2.12696 -0.56219
-2.06020 -0.77172
-1.97287 -0.97354
-1.86582 -1.16564
-1.74013 -1.34609
-1.59705 -1.51309
-1.43802 -1.66497
-1.26461 -1.80021
-1.07857 -1.91747
-0.88176 -2.01557
-0.67613 -2.09352
-0.46375 -2.15057
-0.24674 -2.18612
-0.02726 -2.19983
0.19250 -2.19156
0.41033 -2.16140
0.62406 -2.10963
0.83155 -2.03679
1.03074 -1.94360
1.21962 -1.83099
1.39632 -1.70008
1.55907 -1.55219
1.70624 -1.38879
1.83637 -1.21151
1.94814 -1.02212
2.04045 -0.82253
2.11237 -0.61471
2.16319 -0.40076
2.19239 -0.18280
2.19969 0.03699
2.18501 0.25641
2.14849 0.47326
2.09051 0.68539
2.01164 0.89067
1.91267 1.08705
1.79460 1.27257
1.65858 1.44537
1.50600 1.60373
1.33837 1.74607
1.15737 1.87096
0.96480 1.97716
0.76260 2.06360
0.55277 2.12942
0.33742 2.17397
0.11870 2.19680
-0.10120 2.19767
-0.32010 2.17659
-0.53580 2.13376
-0.74614 2.06961
-0.94903 1.98478
-1.14244 1.88012
-1.32443 1.75667
-1.49318 1.61567
-1.64702 1.45853
-1.78440 1.28682
-1.90396 1.10225
-2.00449 0.90666
-2.08499 0.70202
-2.14466 0.49036
-2.18290 0.27380
-2.19932 0.05451
-2.19378 -0.16533
-2.16631 -0.38352
-2.11720 -0.59787
-2.04694 -0.80625
-1.95622 -1.00658
-1.84596 -1.19685
-1.71725 -1.37516
-1.57138 -1.53972
-1.40982 -1.68891
-1.23417 -1.82122
-1.04618 -1.93533
-0.84774 -2.03011
-0.64084 -2.10460
-0.42753 -2.15806
-0.20994 -2.18996
0.00974 -2.19998
0.22932 -2.18802
0.44661 -2.15419
0.65944 -2.09884
0.86568 -2.02252
1.06327 -1.92599
1.25024 -1.81022
1.42471 -1.67636
1.58495 -1.52576
1.72935 -1.35990
1.85648 -1.18046
1.96505 -0.98922
2.05399 -0.78810
2.12241 -0.57911
2.16962 -0.36433
2.19516 -0.14591
2.30000 0.00000
2.28851 0.22962
2.25415 0.45694
2.19727 0.67970
2.11844 0.89566
2.01844 1.10268
1.89827 1.29868
1.75914 1.48170
1.60243 1.64992
1.42970 1.80165
1.24270 1.93538
1.04327 2.04978
0.83342 2.14369
0.61525 2.21618
0.39092 2.26653
0.16270 2.29424
-0.06716 2.29902
-0.29634 2.28083
-0.52256 2.23985
-0.74357 2.17649
-0.95714 2.09138
-1.16115 1.98538
-1.35355 1.85954
-1.53243 1.71512
-1.69601 1.55357
-1.84263 1.37649
-1.97084 1.18565
-2.07937 0.98297
-2.16711 0.77047
-2.23320 0.55027
-2.27698 0.32458
-2.29801 0.09564
-2.29608 -0.13426
-2.27120 -0.36282
-2.22364 -0.58774
-2.15385 -0.80680
-2.06254 -1.01780
-1.95063 -1.21862
-1.81923 -1.40727
-1.66964 -1.58186
-1.50338 -1.74065
-1.32210 -1.88204
-1.12760 -2.00462
-0.92184 -2.10718
-0.70687 -2.18868
-0.48483 -2.24832
-0.25795 -2.28549
-0.02849 -2.29982
0.20125 -2.29118
0.42898 -2.25964
0.65242 -2.20553
0.86935 -2.12937
1.07759 -2.03195
1.27506 -1.91422
1.45979 -1.77736
1.62994 -1.62274
1.78380 -1.45191
1.91984 -1.26658
2.03669 -1.06859
2.13320 -0.85992
2.20839 -0.64266
2.26152 -0.41897
2.29205 -0.19111
2.29967 0.03867
2.28433 0.26806
2.24615 0.49478
2.18553 0.71655
2.10308 0.93115
1.99961 1.13646
1.87617 1.33041
1.73398 1.51107
1.57446 1.67663
1.39921 1.82544
1.20998 1.95600
1.00866 2.06703
0.79726 2.15740
0.57790 2.22622
0.35276 2.27279
0.12410 2.29665
-0.10580 2.29757
-0.33465 2.27552
-0.56015 2.23075
-0.78006 2.16368
-0.99217 2.07500
-1.19436 1.96558
-1.38463 1.83652
-1.56106 1.68911
-1.72189 1.52483
-1.86551 1.34531
-1.99050 1.15235
-2.09560 0.94787
-2.17976 0.73393
-2.24214 0.51265
-2.28212 0.28625
-2.29929 0.05698
-2.29350 -0.17285
-2.26478 -0.40095
-2.21344 -0.62505
-2.13998 -0.84290
-2.04514 -1.05233
-1.92986 -1.25125
-1.79531 -1.43766
-1.64281 -1.60971
-1.47390 -1.76568
-1.29026 -1.90400
-1.09373 -2.02330
-0.88628 -2.12238
-0.66997 -2.20026
-0.44696 -2.25615
-0.21949 -2.28950
0.01018 -2.29998
0.23974 -2.28747
0.46691 -2.25211
0.68941 -2.19424
0.90503 -2.11446
1.11160 -2.01354
1.30707 -1.89251
1.48947 -1.75256
1.65699 -1.59511
1.80796 -1.42172
1.94086 -1.23412
2.05437 -1.03419
2.14736 -0.82393
2.21889 -0.60543
2.26824 -0.38089
2.29494 -0.15254
2.40000 0.00000
2.38801 0.23960
2.35216 0.47681
2.29281 0.70925
2.21055 0.93460
2.10620 1.15062
1.98081 1.35514
1.83562 1.54612
1.67210 1.72165
1.49186 1.87998
1.29673 2.01953
1.08863 2.13890
0.86966 2.23689
0.64200 2.31254
0.40792 2.36508
0.16977 2.39399
-0.07008 2.39898
-0.30923 2.38000
-0.54529 2.33723
-0.77589 2.27112
-0.99875 2.18231
-1.21163 2.07170
-1.41240 1.94039
-1.59906 1.78969
-1.76974 1.62111
-1.92274 1.43633
-2.05653 1.23720
-2.16977 1.02571
-2.26133 0.80397
-2.33030 0.57420
-2.37598 0.33869
-2.39792 0.09979
-2.39591 -0.14010
-2.36995 -0.37859
-2.32032 -0.61330
-2.24750 -0.84188
-2.15222 -1.06205
-2.03544 -1.27161
-1.89832 -1.46846
-1.74224 -1.65064
-1.56874 -1.81633
-1.37958 -1.96387
-1.17663 -2.09178
-0.96192 -2.19880
-0.73760 -2.28384
-0.50591 -2.34607
-0.26917 -2.38486
-0.02973 -2.39982
0.21000 -2.39080
0.44763 -2.35789
0.68079 -2.30142
0.90715 -2.22196
1.12444 -2.12029
1.33050 -1.99744
1.52326 -1.85463
1.70081 -1.69330
1.86136 -1.51504
2.00331 -1.32165
2.12525 -1.11505
2.22595 -0.89730
2.30441 -0.67060
2.35984 -0.43719
2.39170 -0.19941
2.39966 0.04035
2.38364 0.27972
2.34381 0.51629
2.28056 0.74770
2.19452 0.97164
2.08655 1.18587
1.95774 1.38826
1.80937 1.57677
1.64291 1.74953
1.46004 1.90480
1.26259 2.04105
1.05251 2.15690
0.83192 2.25120
0.60302 2.32301
0.36810 2.37160
0.12949 2.39650
-0.11041 2.39746
-0.34920 2.37446
-0.58451 2.32774
-0.81397 2.25775
-1.03530 2.16521
-1.24629 2.05104
-1.44483 1.91637
-1.62893 1.76255
-1.79675 1.59113
-1.94662 1.40380
-2.07704 1.20245
-2.18671 0.98908
-2.27453 0.76584
-2.33962 0.53494
-2.38134 0.29869
-2.39926 0.05946
-2.39321 -0.18036
-2.36325 -0.41838
-2.30968 -0.65223
-2.23302 -0.87955
-2.13406 -1.09809
-2.01377 -1.30565
-1.87336 -1.50017
-1.71424 -1.67970
-1.53798 -1.84245
-1.34636 -1.98678
-1.14129 -2.11127
-0.92481 -2.21466
-0.69909 -2.29592
-0.46639 -2.35425
-0.22903 -2.38905
0.01062 -2.39998
0.25017 -2.38693
0.48721 -2.35003
0.71939 -2.28965
0.94438 -2.20639
1.15993 -2.10109
1.36390 -1.97479
1.55423 -1.82876
1.72904 -1.66446
1.88657 -1.48353
2.02525 -1.28778
2.14369 -1.07915
2.24072 -0.85975
2.31536 -0.63176
2.36686 -0.39745
2.39472 -0.15917
